1 0.923817 0.083127 0.087066 0.118047
1 0.952072 0.194685 0.079950 0.113721
1 0.801172 0.222806 0.087903 0.115575
1 0.673294 0.126700 0.079113 0.116193
1 0.335915 0.539555 0.094182 0.105068
1 0.254918 0.558714 0.082880 0.106304
1 0.243826 0.827256 0.087484 0.114339
1 0.287149 0.922126 0.092926 0.105068
1 0.462118 0.859085 0.081206 0.116193
2 0.511302 0.066749 0.106739 0.131026
2 0.307032 0.137824 0.108414 0.143387
2 0.242361 0.396786 0.107995 0.142151
2 0.359983 0.423671 0.107995 0.141533
0 0.716409 0.650494 0.136040 0.595179
0 0.929050 0.744129 0.103391 0.489493
