2 0.226455 0.393387 0.098786 0.124227
2 0.126622 0.569530 0.095019 0.124227
1 0.956467 0.081582 0.074508 0.111248
1 0.628715 0.118356 0.082043 0.100742
1 0.306195 0.081582 0.071578 0.098888
1 0.188991 0.505562 0.073252 0.096415
1 0.264546 0.487639 0.068648 0.093943
1 0.844705 0.825711 0.080368 0.101360
0 0.651528 0.574784 0.222269 0.384425
0 0.912725 0.772559 0.116785 0.431397
0 0.429259 0.875155 0.162830 0.234858
0 0.061741 0.309333 0.097530 0.579110
0 0.426120 0.135352 0.272918 0.264524
0 0.715571 0.148022 0.217246 0.288628
