0 0.045626 0.704883 0.084554 0.440667
0 0.886354 0.494129 0.223106 0.278739
1 0.861030 0.082509 0.083717 0.124227
1 0.576810 0.207973 0.086229 0.111867
1 0.532231 0.333745 0.078275 0.107540
1 0.818753 0.581273 0.077857 0.109394
1 0.983675 0.883189 0.027627 0.118665
1 0.655923 0.817367 0.082880 0.118047
1 0.206362 0.927998 0.089577 0.113103
1 0.124320 0.408838 0.091252 0.116811
2 0.263499 0.415637 0.115111 0.136588
2 0.355170 0.073857 0.099205 0.134116
2 0.485350 0.532756 0.109251 0.143387
2 0.843031 0.847651 0.108832 0.144005
2 0.432817 0.963535 0.125576 0.064277
