1 0.334868 0.724969 0.071997 0.101360
1 0.470071 0.714771 0.072834 0.101978
1 0.487861 0.907911 0.078275 0.103832
1 0.868983 0.863412 0.078694 0.102596
1 0.950188 0.598888 0.074508 0.103832
1 0.805776 0.347342 0.075345 0.102596
1 0.701130 0.402967 0.072834 0.098888
1 0.431980 0.101669 0.070322 0.095797
1 0.399121 0.182633 0.069904 0.100742
1 0.282126 0.136279 0.075345 0.108158
1 0.053370 0.082818 0.077438 0.101360
2 0.373378 0.558714 0.094600 0.122373
3 0.079113 0.432633 0.066974 0.093943
0 0.774173 0.570766 0.360402 0.303461
0 0.535370 0.513906 0.227710 0.389988
0 0.109460 0.876082 0.123483 0.234240
