1 0.468188 0.169345 0.056509 0.084054
1 0.456049 0.033066 0.056509 0.055006
1 0.349937 0.033066 0.060276 0.059951
1 0.761197 0.140606 0.062369 0.095797
1 0.877145 0.405439 0.059858 0.085290
0 0.702805 0.287701 0.268732 0.103214
0 0.428631 0.355377 0.241105 0.186650
0 0.569694 0.663782 0.088740 0.220025
0 0.033905 0.416564 0.066974 0.079110
0 0.146296 0.280593 0.156132 0.443758
0 0.118460 0.683251 0.199247 0.438195
0 0.130389 0.802225 0.150272 0.342398
2 0.378192 0.697466 0.075764 0.106922
2 0.159481 0.453028 0.074508 0.106304
