0 0.464211 0.664400 0.395144 0.427689
0 0.877355 0.689431 0.234408 0.504944
1 0.880494 0.160692 0.080787 0.112485
1 0.474885 0.109085 0.074090 0.111867
1 0.349309 0.198084 0.079113 0.113103
1 0.560904 0.359703 0.072834 0.113721
1 0.617204 0.423362 0.077438 0.114957
1 0.700084 0.851669 0.073252 0.107540
1 0.490373 0.934796 0.077438 0.095797
1 0.313939 0.659147 0.080368 0.104450
1 0.161574 0.872373 0.078694 0.109394
1 0.046672 0.426452 0.074927 0.100124
1 0.091461 0.312114 0.075764 0.101360
2 0.330892 0.908220 0.100042 0.135352
2 0.028673 0.618665 0.054835 0.134734
