2 0.170364 0.419963 0.112181 0.136588
2 0.251779 0.584054 0.106739 0.142151
2 0.411679 0.097342 0.104228 0.146477
2 0.745710 0.503399 0.101716 0.145241
2 0.887610 0.206119 0.101716 0.136588
1 0.881750 0.031520 0.086647 0.058096
1 0.667015 0.133498 0.083298 0.103832
1 0.510046 0.055624 0.081624 0.107540
1 0.468397 0.268850 0.077857 0.114957
1 0.569067 0.369592 0.084136 0.105068
1 0.687735 0.320457 0.077020 0.111867
1 0.849309 0.570148 0.081206 0.114339
1 0.843240 0.701792 0.079950 0.110630
1 0.944537 0.581891 0.078275 0.118047
1 0.258895 0.710136 0.084136 0.101360
1 0.089368 0.589617 0.084973 0.118665
1 0.636877 0.966007 0.084136 0.061805
3 0.818543 0.964462 0.074927 0.066131
