2 0.551277 0.056551 0.124738 0.104450
2 0.377982 0.375773 0.121390 0.160692
1 0.730222 0.141224 0.101716 0.129172
1 0.501046 0.456737 0.096275 0.137206
1 0.611762 0.471261 0.095856 0.132880
1 0.493303 0.612485 0.098368 0.132262
1 0.252825 0.942522 0.091252 0.106304
1 0.311427 0.161310 0.092089 0.133498
1 0.171411 0.227750 0.099205 0.125464
1 0.052532 0.103214 0.089159 0.137206
3 0.465257 0.940049 0.084136 0.108776
0 0.849100 0.434178 0.296777 0.460445
0 0.867308 0.705501 0.200084 0.563041
0 0.098577 0.575711 0.127668 0.591471
