2 0.262244 0.804079 0.114274 0.145859
2 0.795730 0.836527 0.102972 0.146477
2 0.964211 0.607849 0.068229 0.155130
1 0.642947 0.249073 0.083717 0.118665
1 0.619925 0.402349 0.077020 0.106304
1 0.577857 0.500927 0.080787 0.114339
1 0.457723 0.423671 0.084973 0.119283
1 0.255965 0.396477 0.084136 0.111867
1 0.117622 0.347651 0.066136 0.106922
1 0.410841 0.635043 0.084973 0.109394
1 0.604228 0.853832 0.078275 0.109394
1 0.616157 0.954574 0.079531 0.077256
1 0.688154 0.924598 0.080368 0.110012
1 0.904563 0.858776 0.078694 0.108158
0 0.427375 0.692213 0.379238 0.213844
0 0.376727 0.738566 0.239431 0.453646
0 0.103391 0.413782 0.102135 0.600124
2 0.079740 0.492274 0.108414 0.132880
2 0.092926 0.669654 0.111344 0.148949
