0 0.589787 0.459518 0.522394 0.317058
0 0.510883 0.519159 0.322729 0.631644
0 0.140854 0.243820 0.119297 0.477750
1 0.849100 0.067058 0.109251 0.127936
1 0.795940 0.197466 0.112599 0.147713
1 0.625576 0.082818 0.117622 0.152040
1 0.561951 0.385043 0.113437 0.144623
1 0.344705 0.066131 0.115948 0.117429
1 0.830264 0.682015 0.113437 0.157602
1 0.839891 0.835909 0.104228 0.158838
1 0.945375 0.779666 0.103391 0.160074
1 0.715571 0.927689 0.118460 0.133498
1 0.607367 0.934487 0.102135 0.124845
2 0.348054 0.606613 0.153621 0.199629
