0 0.475513 0.094561 0.060276 0.185414
0 0.701549 0.233313 0.090414 0.338072
0 0.256383 0.222806 0.110925 0.436959
0 0.031185 0.436341 0.059021 0.105068
0 0.101507 0.917800 0.195479 0.149567
1 0.775848 0.306551 0.085810 0.119901
1 0.855588 0.354450 0.093763 0.125464
1 0.897656 0.746601 0.096693 0.119901
1 0.961072 0.694994 0.071997 0.127936
1 0.433864 0.673671 0.084973 0.123609
1 0.608414 0.052843 0.090833 0.105686
2 0.933445 0.068912 0.116367 0.136588
2 0.345542 0.901112 0.116785 0.161928
2 0.342821 0.088072 0.110506 0.153894
