2 0.408958 0.530593 0.112181 0.166255
2 0.233571 0.612794 0.119715 0.156366
2 0.871704 0.781520 0.105902 0.166255
0 0.958141 0.489802 0.078694 0.079728
0 0.776685 0.758653 0.408121 0.246601
0 0.581206 0.202719 0.179573 0.399258
0 0.178317 0.703337 0.094600 0.349815
1 0.804939 0.136897 0.098786 0.141533
1 0.794684 0.631026 0.100042 0.122373
1 0.537045 0.630408 0.089577 0.128554
1 0.249477 0.781829 0.091252 0.113721
1 0.333822 0.827256 0.088321 0.136588
1 0.082880 0.513906 0.090414 0.129172
1 0.141272 0.389988 0.089996 0.128554
1 0.198828 0.257108 0.092089 0.127318
1 0.218501 0.105686 0.092926 0.131026
