0 0.606949 0.278430 0.380913 0.221879
0 0.866262 0.078801 0.242361 0.145241
0 0.686898 0.809333 0.430306 0.367738
0 0.044161 0.228368 0.081624 0.322002
2 0.097740 0.148949 0.110925 0.149567
2 0.262034 0.072930 0.109669 0.132262
2 0.693386 0.307787 0.111762 0.156984
1 0.623483 0.165019 0.085810 0.113721
1 0.877982 0.334672 0.087484 0.124227
1 0.378610 0.159147 0.084136 0.119283
1 0.191503 0.349506 0.085810 0.124227
1 0.113437 0.303770 0.077857 0.118047
1 0.232943 0.722806 0.085810 0.115575
1 0.300544 0.674598 0.094600 0.113103
