0 0.534324 0.420272 0.300963 0.294190
0 0.072625 0.062732 0.064881 0.119283
1 0.671620 0.072621 0.069067 0.088381
0 0.498535 0.059951 0.234408 0.114957
1 0.780033 0.190977 0.069904 0.090235
1 0.530557 0.683869 0.071578 0.088381
1 0.257221 0.311496 0.062369 0.090235
1 0.203851 0.354141 0.064462 0.084054
1 0.116995 0.046972 0.056509 0.079110
1 0.175387 0.082509 0.066136 0.085909
2 0.195270 0.780902 0.080787 0.114339
2 0.746965 0.877009 0.080787 0.114957
3 0.571159 0.570766 0.063206 0.083436
2 0.538719 0.059023 0.074508 0.098269
