2 0.355797 0.441595 0.083717 0.118047
2 0.067392 0.185105 0.084554 0.110630
2 0.037673 0.568912 0.070322 0.125464
2 0.587275 0.847651 0.089577 0.131644
1 0.671201 0.389679 0.067392 0.105686
1 0.602972 0.032447 0.060695 0.064895
1 0.335915 0.224660 0.062369 0.095797
1 0.206362 0.412855 0.067811 0.088999
1 0.491000 0.466316 0.071997 0.089617
1 0.839473 0.564277 0.069904 0.086527
1 0.959607 0.871755 0.068229 0.094561
1 0.907911 0.951483 0.068648 0.088381
1 0.301591 0.892151 0.069067 0.087145
2 0.021348 0.936650 0.039347 0.085909
0 0.466932 0.229604 0.340310 0.367738
0 0.829636 0.247837 0.207618 0.431397
0 0.688154 0.823548 0.210130 0.341780
0 0.023022 0.801607 0.042696 0.097651
1 0.106949 0.036465 0.060695 0.066749
